gene-id	gene-name	gene-type	TCGA-05-4244-01A-01R-1107-07	TCGA-05-4402-01A-01R-1206-07	TCGA-05-4425-01A-01R-1755-07	TCGA-05-4434-01A-01R-1206-07	TCGA-18-3414-01A-01R-0980-07	TCGA-18-3417-01A-01R-1443-07	TCGA-37-4132-01A-01R-1100-07	TCGA-38-4632-11A-01R-1755-07	TCGA-38-4632-01A-01R-1755-07	TCGA-50-6591-01A-11R-1755-07	TCGA-53-7624-01A-11R-2066-07	TCGA-55-6968-01A-11R-1949-07	TCGA-55-6968-11A-01R-1949-07	TCGA-55-7816-01A-11R-2170-07	TCGA-55-8094-01A-11R-2241-07	TCGA-55-8512-01A-11R-2403-07	TCGA-55-8620-01A-11R-2403-07	TCGA-58-8386-11A-01R-2296-07	TCGA-60-2715-01A-01R-0851-07	TCGA-64-1680-01A-02R-0946-07	TCGA-66-2742-01A-01R-0980-07	TCGA-73-4666-01A-01R-1206-07	TCGA-73-4670-01A-01R-1206-07	TCGA-78-7145-01A-11R-2039-07	TCGA-78-7156-01A-11R-2039-07	TCGA-78-7160-01A-11R-2039-07	TCGA-78-7167-01A-11R-2066-07	TCGA-86-7701-01A-11R-2170-07	TCGA-93-A4JN-01A-11R-A24X-07	TCGA-93-A4JP-01A-11R-A24X-07	TCGA-99-8033-01A-11R-2241-07	TCGA-97-8171-01A-11R-2287-07	TCGA-MP-A4T7-01A-11R-A24X-07	TCGA-L9-A5IP-01A-21R-A39D-07
ENSG00000007171.18	NOS2	protein_coding	0.1381	0.1671	0.3145	0.2916	0.5046	0.2105	0.105	0.3107	0.2593	0.3578	0.0752	6.4458	0.2806	0.0757	0.073	0.5096	0.1	0.3554	13.6713	0.2472	8.92	0.2503	0.1758	0.1102	0.9231	0.1763	0.3427	0.2153	0.1803	1.0205	0.3936	0.0638	0.3003	0.3133
ENSG00000010610.10	CD4	protein_coding	23.064	33.4644	53.0912	52.0507	12.1029	33.6816	17.7564	86.345	29.8054	1.7007	8.8421	30.2854	50.6098	45.2853	2.25	13.55	15.7214	50.0204	54.399	11.6431	14.9758	46.794	15.6023	22.2019	9.8726	39.0216	9.0446	30.6681	20.9951	33.5612	12.5712	5.659	18.3001	7.5088
ENSG00000030419.16	IKZF2	protein_coding	1.2033	2.5639	0.8049	1.5663	2.7433	0.2837	0.2982	0.8753	0.8902	0.8442	1.5558	0.7875	1.0734	1.9722	1.3508	3.2528	0.587	1.2772	1.1895	2.1383	2.0855	1.8078	0.5753	2.6282	2.803	2.4647	2.2089	1.939	2.3385	2.0619	2.2017	0.4963	1.1411	1.7302
ENSG00000049768.16	FOXP3	protein_coding	1.2847	1.5684	3.0188	3.473	1.3637	2.0817	1.2683	1.4	2.664	0.154	1.1012	1.6392	0.7869	0.9143	0.7005	0.2146	1.7485	1.1203	7.0488	0.3524	1.0608	2.2241	0.5748	1.0416	0.3242	3.2586	0.4332	3.8776	2.0117	0.7763	0.7961	0.2228	1.1578	1.588
ENSG00000067225.18	PKM	protein_coding	248.5489	271.9265	208.5762	300.8956	206.7074	852.4127	232.4147	134.2611	270.048	176.8662	335.92	165.8599	111.2273	112.5215	112.2106	114.7026	141.4099	89.9	152.5782	198.5902	238.099	278.5424	542.7365	173.492	130.5081	124.7753	144.2274	87.5252	94.5853	92.7244	320.5732	147.4999	248.5997	420.9691
ENSG00000073861.3	TBX21	protein_coding	0.4242	0.2499	0.6345	1.2576	0.2232	0.022	0.5696	1.3436	1.5434	0.0679	0.4287	1.4881	1.729	0.948	0.1113	0.6599	1.1507	2.2677	0.8993	0.2857	0.2529	3.761	0.1423	0.1166	0.538	1.4247	0.4009	1.3866	0.3463	0.5102	1.6857	0.1016	0.6847	0.4834
ENSG00000074800.16	ENO1	protein_coding	323.8565	1149.9716	254.5143	379.0367	333.0327	726.4897	608.2453	312.512	541.3897	1091.0524	538.3617	286.4488	240.4116	251.7894	503.7292	165.0782	513.9054	154.0938	264.7149	343.6797	362.372	589.3452	1039.4166	954.3941	259.0626	230.1218	364.2199	397.0175	295.8161	186.6846	690.9214	547.9736	353.9495	538.2844
ENSG00000079739.17	PGM1	protein_coding	84.2735	47.1486	37.2046	45.59	8.7804	36.9231	22.2793	21.0215	39.6436	21.6607	23.8743	13.2757	39.1867	24.6116	21.3443	13.0459	17.4572	24.1203	21.4971	22.726	23.1178	26.0715	50.3027	47.7858	19.1686	13.508	14.006	11.8869	24.8331	24.1786	32.3894	22.1075	17.6448	22.4416
ENSG00000100453.13	GZMB	protein_coding	2.3434	2.0998	6.1223	14.5119	4.09	5.4143	19.7129	24.871	15.1095	0.0631	9.3208	12.0495	4.2605	7.4849	1.3664	3.2315	9.4357	12.1235	13.9792	0.7175	3.4234	49.6678	3.4028	1.9164	1.2721	7.3821	0.8769	9.7174	5.0714	1.5374	51.3928	0.3083	4.1284	11.7376
ENSG00000100644.17	HIF1A	protein_coding	32.7452	36.1939	29.0528	52.4204	49.5923	79.1005	34.9093	56.4971	73.9963	52.5688	24.744	42.1617	28.4965	33.3872	15.7201	21.1659	22.3856	34.6629	50.2481	43.4293	82.7462	87.9887	128.8628	58.6179	20.8842	57.6635	30.0267	86.128	42.1904	32.4228	46.5864	32.0324	20.4695	53.4148
ENSG00000100985.7	MMP9	protein_coding	9.3524	15.0847	194.69	67.0831	5.0017	76.4082	17.3005	45.2568	17.3269	27.7494	25.5049	69.4619	15.202	3.0448	0.9254	1.7556	25.4715	8.6871	28.2882	2.793	15.4941	22.0523	13.2571	20.4542	1.6123	11.0999	4.6576	15.5169	20.0271	6.4679	13.3483	15.478	13.9516	5.6662
ENSG00000102144.15	PGK1	protein_coding	419.8802	289.5721	184.1146	182.8098	178.6886	408.4955	340.788	121.8243	320.0253	161.5296	119.5942	107.711	96.7576	80.9603	183.8112	51.9164	215.6023	84.4128	73.7254	145.3447	410.8357	221.9464	414.1825	191.6727	74.3909	120.3425	36.1247	177.253	39.8572	75.2355	152.2937	126.0451	75.9141	118.7385
ENSG00000105220.17	GPI	protein_coding	28.5502	24.9966	30.0863	35.8786	27.164	81.0318	42.4361	19.418	52.6822	31.343	61.6085	65.1643	20.2264	24.5091	32.8875	16.5362	80.1839	12.8672	23.8031	20.8829	59.2351	22.2647	54.2911	22.0373	25.4513	32.8097	21.0525	26.0312	19.4305	29.5073	73.1139	24.8411	55.0784	85.9333
ENSG00000105329.11	TGFB1	protein_coding	25.0265	22.4372	60.6129	41.31	24.7693	49.9854	25.1744	36.6309	53.519	6.1954	113.5776	14.6969	43.2025	30.5137	5.146	13.1581	13.9799	41.1442	43.1752	18.4496	40.3156	23.3815	17.6888	27.9176	6.2472	23.968	21.1243	21.5383	34.9232	16.736	13.4842	11.8727	19.9898	16.6164
ENSG00000105383.15	CD33	protein_coding	1.5049	1.2794	1.5025	1.5306	0.4458	0.5521	0.9826	6.0947	1.8301	0.0944	0.373	0.8043	4.6308	3.2105	0.0684	0.6011	0.589	3.9699	1.7606	0.7154	0.5287	1.453	0.5156	0.9094	0.2167	1.1127	0.2404	0.5841	0.4014	1.7837	0.5647	0.2489	0.7538	0.3479
ENSG00000107159.13	CA9	protein_coding	0.5665	15.9011	21.7348	8.4061	31.0966	52.4411	9.8591	0.0274	0.3914	42.7686	1.633	10.6258	0.1238	21.0685	0.7812	0.2851	18.5838	0.5609	5.8919	34.3718	51.5667	0.1194	11.9271	1.2057	0.0915	4.3414	0.3184	48.4017	5.5686	1.044	32.2855	48.6095	1.1312	1.2653
ENSG00000109471.5	IL2	protein_coding	0.0452	0.0505	0.2018	0.1096	0	0	0.0393	0.0788	0.0352	0	0	0	0	0.0175	0.0522	0.0228	0	0.403	0.0708	0	0.0205	0.0343	0.0119	0	0.0263	0.0248	0.0254	0.1337	0.0864	0	0.0397	0	0.0194	0
ENSG00000111537.5	IFNG	protein_coding	0.209	0.0747	1.1889	1.0407	0.088	0.0478	0.8352	0.5825	0.6821	0	1.2937	1.694	0.2301	0.987	0	0.2103	0.9686	1.142	0.3401	0.1239	0.189	3.1404	0.3524	0	0.243	1.5327	0.1527	2.7997	0.0958	0.2336	5.5726	0	0.3219	0.3975
ENSG00000112115.7	IL17A	protein_coding	0	0	0.0453	0.0298	0	0.0309	3.0085	0	0	0	0	0	0	0.0105	0	0.0136	0	0.0161	0.0085	0.0601	0.0367	0	0	0	0	0.0444	0	0.906	0.031	0.0302	0.2215	0	0.0347	0
ENSG00000112116.10	IL17F	protein_coding	0	0	0.0274	0.0541	0	0	0	0	0	0	0	0.0273	0	0.019	0	0.0247	0.0285	0.0292	0.0154	0	0	0	0.0129	0	0	0	0	0.2904	0	0.0366	0.0431	0	0	0
ENSG00000112715.25	VEGFA	protein_coding	93.7056	14.9878	11	10.9146	11.3547	21.1154	23.1719	5.5907	27.5652	12.7287	5.3396	7.8518	11.9013	5.5995	22.985	29.6921	14.5541	11.7392	11.2288	5.6176	20.2725	15.458	47.5499	37.7626	24.8894	10.9823	12.7942	7.4697	13.7327	26.7863	32.7894	61.7874	16.8006	33.1561
ENSG00000113302.5	IL12B	protein_coding	0.2855	0.11	0.4538	0.1746	0.0601	0.049	0.0744	0.1119	0.416	0.0377	0.0187	0.0357	0.2189	0.0497	0.1483	0.2155	0.0372	0.4324	0.1944	0.6186	0.1356	0.0596	0.0508	0.1835	0.6721	0.293	0.3189	0.1265	0.1718	0.2075	0.7011	0.1602	0.2382	0.0555
ENSG00000114013.16	CD86	protein_coding	5.8509	8.3902	11.1707	10.9482	3.8128	6.2473	6.2311	31.8625	14.1798	0.6307	2.7415	7.416	12.7068	14.2694	1.3684	1.6676	3.9846	15.6748	7.5873	2.4656	5.1821	11.6574	4.1404	4.7206	1.0359	9.7365	0.9642	7.3113	3.5844	7.0577	4.7407	1.3757	4.9774	2.1388
ENSG00000115415.20	STAT1	protein_coding	25.4956	62.4616	49.6189	63.9401	25.4666	40.3591	63.2791	55.7334	45.8209	11.4218	152.959	79.0835	21.2872	79.5697	56.8771	15.6281	42.5475	33.5809	33.8623	12.0434	23.6922	99.7722	28.1375	22.5181	25.6022	56.7742	18.8762	38.4123	49.4128	26.5062	145.2017	12.8472	20.4892	29.9532
ENSG00000116016.14	EPAS1	protein_coding	37.878	22.0109	35.6881	43.5919	24.6029	21.3215	12.9316	126.4492	58.514	10.4384	51.1061	13.5713	133.1186	63.4235	52.6815	80.2945	20.7342	211.6005	170.9836	35.0742	66.6073	21.2157	70.1389	45.0202	99.1644	84.5965	88.3553	62.9272	42.6056	136.0486	32.5311	18.8337	38.151	128.8205
ENSG00000117394.24	SLC2A1	protein_coding	18.2988	70.9211	17.4532	83.3044	99.354	200.0982	73.1216	4.3993	47.8275	57.5702	144.7001	19.4685	2.1489	1.345	106.056	21.0518	21.5574	4.1136	28.929	5.7486	433.6488	17.372	124.8772	101.6596	1.2901	14.1486	3.9394	9.3175	12.8221	7.3181	45.4532	11.2473	48.0903	141.5267
ENSG00000118520.15	ARG1	protein_coding	0.114	0.0459	0.0254	0.0854	0.016	0.0261	0.1189	0.457	0.1064	0.0803	0.0099	0.0633	0.1256	0.0971	0.158	0.1263	0.0793	0.2032	0.7283	0.0169	0.2579	0.0231	0.0661	0.0575	0.1459	0.1997	0.0961	0.0449	0.1482	0.102	0.04	0.1201	0.1269	0.0592
ENSG00000120217.14	CD274	protein_coding	8.156	1.704	4.2264	9.1138	1.4005	2.0992	2.6495	14.37	5.8409	0.2385	5.898	4.9802	5.5628	4.2212	0.6329	1.6804	2.0345	4.8886	3.5288	1.1957	1.5938	19.6562	1.3116	2.8255	0.573	3.0818	0.2354	2.6702	2.2739	3.6734	5.4254	0.2766	1.5234	3.3978
ENSG00000120708.17	TGFBI	protein_coding	216.9326	39.5972	65.1935	132.7828	15.1084	160.2407	45.9876	79.9468	103.2636	203.5692	6.5568	16.1178	30.0973	60.3159	2.2258	11.9098	6.7718	26.5809	38.5719	7.201	24.4863	168.538	31.4442	44.958	3.5269	28.1367	5.5529	17.1731	30.5399	18.7478	37.5067	4.8653	19.6655	83.4812
ENSG00000121594.12	CD80	protein_coding	0.6406	0.7743	1.52	1.2322	0.5084	0.7565	0.8007	1.7563	2.7301	0.037	0.2953	0.8484	0.8797	0.683	0.1182	0.2141	0.4929	1.1603	1.213	0.1751	0.3349	2.3553	0.2906	0.6828	0.2015	1.2243	0.0885	0.7449	0.626	1.0802	0.3224	0.1223	0.4785	0.2724
ENSG00000125498.20	KIR2DL1	protein_coding	0.0199	0.0201	0	0.033	0.0105	0.0342	0.039	0.7817	0.1162	0	0.013	0.1163	0.1882	0	0.0173	0.1054	0.0693	0.0178	0.1311	0.0222	0.0541	0.2649	0	0	0.0522	0.2128	0.0084	0.0884	0.1029	0.0111	0.0175	0	0.064	0.0517
ENSG00000125538.12	IL1B	protein_coding	2.4669	4.0402	4.4283	5.4114	5.4232	21.2924	6.2113	4.2636	3.5818	0.9868	1.7014	3.9786	6.4831	1.7321	0.0582	6.3831	1.267	18.304	9.4089	0.2243	3.1194	0.4681	3.3021	3.0097	0.3911	1.5927	0.3403	2.7175	0.9834	2.3069	6.1527	0.5642	2.0511	2.8066
ENSG00000133048.13	CHI3L1	protein_coding	1814.2553	14.8092	11.1982	51.2233	29.1565	48.0837	12.6711	22.063	308.7371	2.0485	51.2392	82.9867	131.2967	16.9955	2.4582	15.0582	20.8758	43.9826	35.7422	187.7279	11.8925	46.0451	9.4902	18.8199	3.5872	19.2755	2.935	26.1526	61.729	9.0696	125.5696	26.7511	53.9798	3.0706
ENSG00000134333.14	LDHA	protein_coding	320.5772	233.1668	413.113	138.7379	192.5903	197.0351	194.622	85.8662	150.7141	238.0506	206.1964	94.5789	79.5903	117.5613	152.7577	39.5262	264.2067	55.9848	99.0649	143.5897	156.188	188.4939	309.3391	214.1595	72.2736	94.9579	92.4449	159.808	50.3004	56.2443	411.2185	197.5359	161.0822	287.8331
ENSG00000134460.18	IL2RA	protein_coding	1.6692	2.018	1.8027	8.1914	1.9541	1.2855	2.7804	10.4152	5.659	0.0225	1.0526	4.5182	1.0149	2.8931	0.4497	0.1929	2.4352	1.9046	5.6582	0.2461	1.7508	14.0104	1.5384	1.3843	0.3045	3.4121	0.2513	3.9641	2.4553	0.6094	1.7033	0.2514	0.8089	1.2093
ENSG00000136634.7	IL10	protein_coding	0.1325	0.2795	0.2216	0.6129	0.5215	0.0673	0.4412	2.1665	0.3546	0.0345	0.0834	0.4985	0.2084	1.1167	0.0255	0.1037	0.1364	1.5036	0.7878	0.2508	0.1864	0.2755	0.1939	0.0074	0.0171	0.2497	0.0248	0.058	0.2025	0.4333	0.3055	0.0245	0.4534	0.14
ENSG00000138755.6	CXCL9	protein_coding	5.1082	5.3983	83.2503	78.3272	9.0939	6.7497	129.3717	33.8993	25.1737	0.1183	54.0753	169.2247	7.1375	147.3709	0.8781	0.8673	73.4466	48.4547	5.5775	6.3694	16.376	322.9148	6.0237	2.5594	17.0619	79.0536	6.2792	15.8191	7.2358	16.6287	31.9511	1.0621	13.0668	8.9937
ENSG00000141526.17	SLC16A3	protein_coding	33.8066	28.7015	16.2503	26.3866	5.6818	15.5624	10.1779	9.8183	14.9503	9.3495	26.1802	8.9921	10.9842	4.6712	10.02	7.7426	9.1648	8.7598	10.3293	11.3303	15.1042	43.2289	50.5161	45.6177	3.0685	12.1724	7.2766	5.1274	6.3928	8.7018	53.1546	7.5985	17.2445	62.3497
ENSG00000143365.19	RORC	protein_coding	9.0034	10.9009	5.2155	5.8031	0.1907	0.1954	0.7929	7.9893	7.7619	1.7178	0.6501	2.8805	9.5971	8.7673	18.6824	14.0402	2.9744	6.5829	3.6295	13.1816	0.3759	10.3135	14.5772	6.7133	38.165	18.3974	33.0886	8.7752	6.6296	6.3126	8.6882	36.0225	20.6349	8.8426
ENSG00000143546.10	S100A8	protein_coding	24.3116	15.9286	9.4736	45.1239	200.746	86.1319	11.0804	159.2268	18.8949	1.4664	10.3522	10.976	58.8015	141.315	2.4261	36.1372	2.6001	137.0581	625.4534	6.8596	212.2311	36.6327	279.779	9.6487	2.3447	9.5761	2.9211	11.6394	7.4451	83.2201	131.7629	2.0629	18.4955	1319.7375
ENSG00000145649.8	GZMA	protein_coding	4.8766	3.3573	15.3756	14.725	9.4928	8.591	24.3193	32.6714	8.7362	2.2536	8.8906	28.7923	14.2629	15.7671	1.6301	3.1842	13.0918	23.3866	10.3616	4.2686	5.0079	34.6133	2.3072	0.9965	4.6303	17.1285	3.0635	62.2124	3.9284	3.3052	48.7575	0.6733	5.7038	13.5518
ENSG00000149294.17	NCAM1	protein_coding	0.2517	0.253	0.1707	0.6252	0.0558	0.0182	0.2779	0.1558	0.0216	22.143	0.1317	15.0738	0.1125	0.1723	0.0367	0.254	2.4336	0.2714	0.1841	0.0795	0.0755	0.1458	0.0681	0.0461	0.037	0.2305	0.1195	0.2936	0.12	0.1984	0.1452	0.0066	0.0986	0.1666
ENSG00000149925.22	ALDOA	protein_coding	5.0889	3.2842	2.3593	3.0408	2.1008	2.4335	1.7055	2.2107	3.0819	2.4584	6.5583	3.0972	1.6636	1.8729	8.6208	1.61	3.4158	1.0757	1.5806	1.4395	1.3572	2.1135	8.4258	3.6843	2.4975	1.693	2.8118	1.4454	1.1112	1.3892	5.8709	2.6896	3.4838	15.1587
ENSG00000153563.16	CD8A	protein_coding	2.6116	2.1846	3.574	6.4158	5.9054	2.9612	16.1322	13.1581	7.16	0.0877	3.3147	7.6777	7.0248	9.8003	0.7952	2.5064	7.2424	11.9505	5.5079	1.98	2.8757	20.3854	1.6491	0.6861	1.7178	16.4452	1.7539	11.5776	1.7951	2.3942	11.1053	0.2255	2.6847	4.4058
ENSG00000155380.12	SLC16A1	protein_coding	1.4858	2.5074	7.7107	2.4252	5.6181	17.8063	28.0619	4.7294	10.1561	19.7002	81.3314	20.1595	2.8806	61.0059	0.204	1.2156	7.1053	1.7846	11.7985	0.4364	40.7104	6.7788	6.2662	3.0682	0.7649	2.3323	0.6235	4.6909	2.6712	2.5211	7.7139	0.6641	1.3232	9.511
ENSG00000159399.10	HK2	protein_coding	22.1043	15.7438	7.0219	29.3799	30.5449	18.9236	17.3734	18.7655	13.732	16.3373	15.2504	12.1945	25.8392	7.8767	14.1417	11.7165	26.0005	22.0626	27.5687	16.2962	26.0034	18.5799	29.8405	34.4463	0.9198	10.097	1.0815	15.1902	8.6144	14.5661	15.8668	10.6047	15.2295	10.3919
ENSG00000162594.16	IL23R	protein_coding	0.021	0.0493	0.0439	0.0417	0.0111	0	0.0205	0.096	0.0245	0	0.0069	0.0175	0.062	0.0549	0.0909	0.0238	0.073	0.1029	0.1134	0.0233	0.0998	0.012	0.0208	0	0.1191	0.0776	0.1416	0.2483	0.0241	0.0176	0.0276	0.0131	0.0202	0.0136
ENSG00000163220.11	S100A9	protein_coding	477.8187	1124.0971	257.4262	543.5806	2455.4952	745.0141	107.5226	1104.6301	270.9506	181.8966	137.6364	74.7924	511.0898	462.1882	13.6626	179.0242	18.1173	548.5972	1589.7234	3094.5424	2754.457	757.1213	3293.9058	121.5416	35.2781	292.3009	100.6482	61.6929	70.778	708.4525	1439.4837	24.2412	845.0379	6755.7733
ENSG00000163599.17	CTLA4	protein_coding	1.553	1.0675	1.1741	2.5849	1.004	1.0818	15.7718	1.4833	3.0696	0.0416	1.0415	2.4688	0.6697	1.9319	0.314	0.2619	2.0418	3.4138	5.4636	0.841	1.027	4.5176	0.536	0.6318	0.5362	2.0065	0.1994	5.0325	3.4252	1.234	3.7689	0.118	2.3072	1.7482
ENSG00000165168.8	CYBB	protein_coding	36.3553	30.7053	53.4092	61.8635	10.4268	10.4111	17.2788	158.1076	38.7505	0.7873	7.4446	47.8029	136.3333	138.6769	1.4355	9.8691	15.2024	81.3266	29.0498	5.7166	17.9954	50.7397	8.4077	28.0643	4.2034	39.2645	4.9997	29.5849	13.0627	36.2077	17.6607	4.9387	20.4968	6.0909
ENSG00000167633.18	KIR3DL1	protein_coding	0.018	0.0181	0	0.1013	0.038	0	0.0235	0.377	0.042	0	0.0472	0.6459	0.2341	0.0209	0.0156	0.0953	0.2038	0.1607	0.127	0.02	0.0979	0.1027	0	0.0136	0.0472	0.8588	0.0608	0.0533	0.0103	0	0.0316	0	0.1273	0.0234
ENSG00000168610.16	STAT3	protein_coding	28.4816	45.2155	44.8975	33.8341	17.4146	27.1203	11.4531	36.8097	22.8962	19.9498	22.6296	17.3809	41.6516	40.8018	23.0632	35.053	22.7608	31.3995	39.5892	38.4366	44.1748	34.2664	36.734	26.9648	36.1763	32.4875	36.312	33.5107	25.1533	29.9803	38.005	33.5303	24.9821	27.824
ENSG00000168685.15	IL7R	protein_coding	4.5483	5.2561	11.0343	28.1355	8.6483	9.9312	5.6175	62.981	12.5976	0.4587	3.5116	5.5878	20.6267	4.023	1.6789	5.9833	3.3856	34.808	26.82	3.1455	4.0995	13.1899	3.4029	4.7376	1.6423	22.5484	1.3466	18.2375	7.4436	7.6234	4.6536	0.7481	4.4245	1.7517
ENSG00000169245.6	CXCL10	protein_coding	9.8925	28.2765	77.6283	88.6044	35.6799	18.6188	118.3236	60.033	62.0989	0.4043	152.1743	57.2331	10.368	115.1633	9.1985	2.233	24.5336	46.8482	32.8457	8.0099	16.4831	80.0552	10.3745	4.2988	11.394	43.1921	4.3454	17.9492	6.5509	43.954	53.4277	1.3016	8.3303	9.105
ENSG00000169896.18	ITGAM	protein_coding	13.5426	8.9567	6.6606	11.0233	1.4485	2.3301	1.8362	23.6788	7.0261	0.4437	2.4635	5.7855	17.932	27.9305	2.4086	4.1918	1.9024	14.0963	5.9495	1.6283	3.1031	5.9972	2.5394	11.2169	1.3295	5.1284	1.5753	2.2352	3.7435	9.5872	3.4422	2.2028	5.6688	2.0963
ENSG00000170458.14	CD14	protein_coding	42.2375	81.8986	114.7727	131.0235	62.4614	35.9618	50.5404	291.0847	111.5363	5.2253	33.3408	87.4788	105.5202	218.1389	5.5835	32.599	31.7812	127.0593	124.0141	28.6685	37.1598	103.0298	54.1818	26.3308	8.0702	75.2738	10.3819	47.7714	31.5212	49.3542	44.0469	12.9408	63.2963	48.6019
ENSG00000172116.23	CD8B	protein_coding	0.441	0.2292	0.4171	0.8535	4.8841	0.2631	79.5092	1.2945	0.9538	0.1406	0.6228	0.7879	1.1388	1.0578	0.1217	1.5055	0.7499	1.5946	0.6122	0.2273	0.6982	2.4256	0.1693	0.0483	0.2341	1.3591	0.1859	0.8028	0.1722	0.1787	1.1101	0.0292	0.2995	0.4849
ENSG00000177575.13	CD163	protein_coding	16.6789	20.7426	16.8122	37.8059	6.8554	6.8774	7.4491	158.8562	16.2142	1.0162	7.2594	14.561	38.1891	96.0229	2.8935	14.2151	8.1799	23.8493	33.3753	3.9076	14.4249	57.3414	19.571	11.0903	1.7558	21.3234	1.4724	7.9997	7.7459	20.8835	10.2054	3.6313	12.967	6.3133
ENSG00000180644.8	PRF1	protein_coding	1.5075	7.4149	17.647	7.7732	3.8151	3.4018	9.4833	19.0494	4.6708	0.0943	4.4519	10.7365	11.1941	7.1669	1.4849	8.4978	6.9296	14.0648	10.0859	21.8755	2.6003	28.5848	2.4418	0.6687	3.4355	10.7597	1.6888	8.4154	7.0893	3.2437	22.3925	11.3949	4.4032	8.0371
ENSG00000186810.8	CXCR3	protein_coding	4.4486	2.5448	4.2604	6.4868	1.4495	0.1865	2.6924	4.0961	3.4011	0.0797	1.6591	5.2673	4.768	3.4726	1.004	0.6293	6.5045	5.6672	4.3904	0.7652	0.9836	12.9287	0.4727	5.6994	1.1694	4.984	1.1534	6.8549	2.2435	1.4385	2.6228	0.2411	2.3841	1.4335
ENSG00000189430.13	NCR1	protein_coding	0.0356	0.0298	0.0894	0.1883	0.0656	0.0305	0.2437	0.3722	0.0623	0	2.5036	0.1335	0.105	0.2482	0.0308	0.2016	0.1548	0.4442	0.3929	0	0.0846	0.7906	0.0704	0.0269	0.1397	0.2193	0.0675	0.6841	0.1225	0.209	1.0855	0.0222	0.1143	0.3233
ENSG00000196371.3	FUT4	protein_coding	1.1082	2.0568	1.9662	1.8628	0.4748	0.917	0.7222	1.9864	3.4018	1.4114	2.6805	1.9155	1.301	1.8304	1.779	0.761	0.7405	1.2653	1.7702	0.4827	0.7028	0.6932	0.8144	1.1999	1.3063	1.5865	0.791	2.0572	1.031	0.9589	1.7977	1.4195	1.4475	1.1519
ENSG00000203747.12	FCGR3A	protein_coding	36.1429	54.7215	62.0349	74.8886	24.7423	35.6388	48.5027	160.8801	66.4001	0.9153	21.4349	57.3391	163.6003	67.8711	4.4702	9.2732	30.6385	106.8944	56.2908	11.6274	21.549	93.4124	38.352	34.2541	7.2777	62.9479	4.1701	36.6669	13.7118	83.8402	23.358	7.2032	38.6453	18.0645
ENSG00000204287.14	HLA-DRA	protein_coding	1273.5271	1453.7181	2080.5359	2245.7832	367.6979	518.0922	1221.7668	5578.3521	2370.1781	79.3915	336.5319	881.5414	3470.5256	2064.7831	63.6124	410.9511	609.8251	4377.581	1643.5245	5339.9381	551.4614	2132.0903	249.9199	876.6833	203.9106	1179.5102	178.819	567.6069	710.0732	2511.0688	1779.3102	2390.7738	932.8901	180.407
ENSG00000204475.10	NCR3	protein_coding	0.4926	0.8713	0.6869	1.0221	0.3024	0.4225	0.9808	2.0738	1.1485	0	0.2863	0.6838	2.6799	0.8581	0.0711	0.5991	0.8087	4.8765	1.5419	0.3649	0.557	1.4228	0.357	0.1448	0.3341	1.348	0.1153	2.8306	1.0509	0.3366	0.7922	0.0797	0.5444	0.6565
ENSG00000213809.9	KLRK1	protein_coding	0.0665	0.0446	0.0185	0.1319	0.0817	0.019	0.2023	0.1014	0.0129	0.0195	0.174	0.1108	0.17	0.1802	0.0192	0.2259	0.0963	0.237	0.1197	0.0123	0.1354	0.3029	0.0438	0.0084	0.0677	0.1638	0.0794	0.0655	0.1398	0.0434	0.4813	0.0277	0.1067	0.1437
ENSG00000232810.4	TNF	protein_coding	0.7641	1.1592	1.0936	1.7148	1.9683	1.1037	0.5241	1.2086	1.9691	0.1062	2.7353	2.0934	7.1177	2.7558	0.1219	1.7761	1.3107	2.2575	3.2385	0.0894	1.1324	0.7631	8.2264	0.7753	0.1929	0.4292	0.3306	1.456	0.4149	3.125	1.2965	0.1505	1.5099	3.7681
ENSG00000235892.1	PKMP2	processed_pseudogene	0.0302	0.0135	0.0168	0.0133	0	0	0.0524	0.0263	0	0	0.0132	0	0	0.0117	0	0	0.035	0	0	0.0447	0.0546	0	0.0557	0.0152	0.0175	0.0661	0	0	0	0	0	0.0167	0	0.0261
ENSG00000260314.3	MRC1	protein_coding	36.1569	15.2737	10.562	21.2993	1.9338	4.3284	4.1704	82.2844	24.0725	0.7326	1.1357	9.7502	150.1301	35.181	17.1564	13.0705	8.1227	92.2077	23.392	2.0743	6.2925	38.432	4.5888	35.9692	2.6316	22.9073	3.4459	4.7668	6.5759	29.4029	4.2589	5.3764	12.6766	2.0917
